Lab1
{Error: <a href="matlab: opentoline('C:\Users\zhke1\OneDrive\Documents\MATLAB\EECE\Lab1.m',58,24)">File: Lab1.m Line: 58 Column: 24
</a>Invalid expression. When calling a function or indexing a variable, use parentheses. Otherwise, check for mismatched
delimiters.
} 
Lab1
{Error: <a href="matlab: opentoline('C:\Users\zhke1\OneDrive\Documents\MATLAB\EECE\Lab1.m',58,24)">File: Lab1.m Line: 58 Column: 24
</a>Invalid expression. When calling a function or indexing a variable, use parentheses. Otherwise, check for mismatched
delimiters.
} 
Lab1

a =

     3


b =

     2     3


c =

     5
     1


d =

     1     2
     3     4


e =

     1     3
     2     4


f =

     1     0
     0     1


g =

     6     9


h =

     3     6
     9    12


k =

    13


l =

    10    15
     2     3


m =

    10    15
     2     3


n =

     5    11
    11    25


n1 =

     1     6
     6    16


n2 =

     1     6
     6    16


n3 =

    11    16


M =

     3     9
     6    12


O =

     3     9
     6    12


p =

     3     9
     6    12


q =

     1     3
     2     4


odd_up =

  Columns 1 through 19

     1     3     5     7     9    11    13    15    17    19    21    23    25    27    29    31    33    35    37

  Columns 20 through 38

    39    41    43    45    47    49    51    53    55    57    59    61    63    65    67    69    71    73    75

  Columns 39 through 50

    77    79    81    83    85    87    89    91    93    95    97    99


odd_down =

  Columns 1 through 19

    99    97    95    93    91    89    87    85    83    81    79    77    75    73    71    69    67    65    63

  Columns 20 through 38

    61    59    57    55    53    51    49    47    45    43    41    39    37    35    33    31    29    27    25

  Columns 39 through 50

    23    21    19    17    15    13    11     9     7     5     3     1


minus_one =

  Columns 1 through 19

    -1    -1    -1    -1    -1    -1    -1    -1    -1    -1    -1    -1    -1    -1    -1    -1    -1    -1    -1

  Columns 20 through 38

    -1    -1    -1    -1    -1    -1    -1    -1    -1    -1    -1    -1    -1    -1    -1    -1    -1    -1    -1

  Columns 39 through 50

    -1    -1    -1    -1    -1    -1    -1    -1    -1    -1    -1    -1


plus_minus =

  Columns 1 through 19

     1    -1     1    -1     1    -1     1    -1     1    -1     1    -1     1    -1     1    -1     1    -1     1

  Columns 20 through 38

    -1     1    -1     1    -1     1    -1     1    -1     1    -1     1    -1     1    -1     1    -1     1    -1

  Columns 39 through 50

     1    -1     1    -1     1    -1     1    -1     1    -1     1    -1


x =

  Columns 1 through 11

    1.0000    1.1000    1.2000    1.3000    1.4000    1.5000    1.6000    1.7000    1.8000    1.9000    2.0000

  Columns 12 through 22

    2.1000    2.2000    2.3000    2.4000    2.5000    2.6000    2.7000    2.8000    2.9000    3.0000    3.1000

  Columns 23 through 33

    3.2000    3.3000    3.4000    3.5000    3.6000    3.7000    3.8000    3.9000    4.0000    4.1000    4.2000

  Columns 34 through 44

    4.3000    4.4000    4.5000    4.6000    4.7000    4.8000    4.9000    5.0000    5.1000    5.2000    5.3000

  Columns 45 through 55

    5.4000    5.5000    5.6000    5.7000    5.8000    5.9000    6.0000    6.1000    6.2000    6.3000    6.4000

  Columns 56 through 66

    6.5000    6.6000    6.7000    6.8000    6.9000    7.0000    7.1000    7.2000    7.3000    7.4000    7.5000

  Columns 67 through 77

    7.6000    7.7000    7.8000    7.9000    8.0000    8.1000    8.2000    8.3000    8.4000    8.5000    8.6000

  Columns 78 through 88

    8.7000    8.8000    8.9000    9.0000    9.1000    9.2000    9.3000    9.4000    9.5000    9.6000    9.7000

  Columns 89 through 99

    9.8000    9.9000   10.0000   10.1000   10.2000   10.3000   10.4000   10.5000   10.6000   10.7000   10.8000

  Columns 100 through 110

   10.9000   11.0000   11.1000   11.2000   11.3000   11.4000   11.5000   11.6000   11.7000   11.8000   11.9000

  Column 111

   12.0000


y =

  Columns 1 through 11

    2.3198    2.4381    2.5397    2.6210    2.6790    2.7115    2.7171    2.6957    2.6481    2.5762    2.4826

  Columns 12 through 22

    2.3708    2.2445    2.1079    1.9649    1.8193    1.6745    1.5332    1.3979    1.2703    1.1516    1.0425

  Columns 23 through 33

    0.9433    0.8541    0.7745    0.7041    0.6424    0.5887    0.5423    0.5027    0.4692    0.4412    0.4183

  Columns 34 through 44

    0.4000    0.3861    0.3762    0.3702    0.3679    0.3693    0.3744    0.3833    0.3962    0.4134    0.4351

  Columns 45 through 55

    0.4617    0.4938    0.5319    0.5766    0.6284    0.6881    0.7562    0.8335    0.9203    1.0170    1.1236

  Columns 56 through 66

    1.2400    1.3655    1.4991    1.6390    1.7833    1.9290    2.0729    2.2115    2.3407    2.4564    2.5549

  Columns 67 through 77

    2.6325    2.6863    2.7143    2.7154    2.6895    2.6377    2.5619    2.4650    2.3504    2.2222    2.0842

  Columns 78 through 88

    1.9405    1.7948    1.6504    1.5100    1.3759    1.2497    1.1325    1.0251    0.9276    0.8400    0.7620

  Columns 89 through 99

    0.6932    0.6328    0.5804    0.5352    0.4966    0.4641    0.4370    0.4149    0.3974    0.3842    0.3750

  Columns 100 through 110

    0.3696    0.3679    0.3699    0.3756    0.3852    0.3988    0.4167    0.4392    0.4667    0.4998    0.5389

  Column 111

    0.5847


y =

  Columns 1 through 11

    1.7165    1.5740    1.4367    1.3067    1.1853    1.0733    0.9712    0.8791    0.7968    0.7238    0.6596

  Columns 12 through 22

    0.6036    0.5552    0.5136    0.4784    0.4488    0.4245    0.4049    0.3898    0.3787    0.3716    0.3682

  Columns 23 through 33

    0.3685    0.3725    0.3803    0.3920    0.4079    0.4282    0.4534    0.4839    0.5201    0.5628    0.6125

  Columns 34 through 44

    0.6698    0.7354    0.8099    0.8939    0.9877    1.0914    1.2050    1.3280    1.4593    1.5976    1.7409

  Columns 45 through 55

    1.8864    2.0313    2.1718    2.3042    2.4242    2.5281    2.6121    2.6732    2.7089    2.7179    2.6998

  Columns 56 through 66

    2.6554    2.5863    2.4952    2.3855    2.2608    2.1253    1.9829    1.8374    1.6923    1.5505    1.4143

  Columns 67 through 77

    1.2856    1.1658    1.0554    0.9550    0.8646    0.7838    0.7124    0.6496    0.5949    0.5477    0.5073

  Columns 78 through 88

    0.4730    0.4444    0.4209    0.4021    0.3876    0.3773    0.3708    0.3680    0.3689    0.3736    0.3820

  Columns 89 through 99

    0.3944    0.4110    0.4321    0.4581    0.4896    0.5269    0.5706    0.6216    0.6802    0.7473    0.8234

  Columns 100 through 110

    0.9090    1.0044    1.1099    1.2251    1.3495    1.4821    1.6214    1.7652    1.9109    2.0553    2.1948

  Column 111

    2.3253

radius : 2

radius =

     2

height : 2

height =

     2


v =

   25.1327

Volume = 25.13274 

a =

   50.2655

Area = 50.26548 

x =

    -6    -6    -7     0     7     6     6    -3    -3     0     0
    -7     2     1     8     1     2    -7    -7    -2    -2    -7


A1 =

    0.5000         0
         0    1.0000


A2 =

    1.0000         0
         0    0.5000


A3 =

         0    1.0000
    0.5000         0


A4 =

    0.5000         0
         0   -1.0000


A1x =

   -3.0000   -3.0000   -3.5000         0    3.5000    3.0000    3.0000   -1.5000   -1.5000         0         0
   -7.0000    2.0000    1.0000    8.0000    1.0000    2.0000   -7.0000   -7.0000   -2.0000   -2.0000   -7.0000


A2x =

   -6.0000   -6.0000   -7.0000         0    7.0000    6.0000    6.0000   -3.0000   -3.0000         0         0
   -3.5000    1.0000    0.5000    4.0000    0.5000    1.0000   -3.5000   -3.5000   -1.0000   -1.0000   -3.5000


A3x =

   -7.0000    2.0000    1.0000    8.0000    1.0000    2.0000   -7.0000   -7.0000   -2.0000   -2.0000   -7.0000
   -3.0000   -3.0000   -3.5000         0    3.5000    3.0000    3.0000   -1.5000   -1.5000         0         0


A4x =

   -3.0000   -3.0000   -3.5000         0    3.5000    3.0000    3.0000   -1.5000   -1.5000         0         0
    7.0000   -2.0000   -1.0000   -8.0000   -1.0000   -2.0000    7.0000    7.0000    2.0000    2.0000    7.0000

diary off
